8.533429187634796165e+01
9.411764705882352189e+01
8.792016806722688216e+01
9.445407279029463155e+01
8.900169204737731832e+01
8.129910948140387461e+01
9.499241274658572820e+01
8.940998487140696227e+01
9.725036179450073348e+01
8.612212529738303601e+01
9.122340425531915287e+01
8.466453674121406436e+01
9.158215010141988444e+01
9.288194444444444287e+01
9.079696394686907013e+01
9.675324675324675638e+01
8.562834224598930177e+01
8.615170494084900099e+01
9.220636663007684319e+01
9.277533039647578050e+01
9.162500000000000000e+01
9.582542694497153946e+01
9.762773722627736106e+01
9.539748953974896040e+01
9.074930619796485587e+01
8.511627906976744384e+01
9.200000000000000000e+01
9.404494382022473076e+01
9.200000000000000000e+01
8.402328589909443224e+01
9.224489795918367463e+01
9.484083424807903384e+01
8.421455938697317833e+01
8.301647655259823466e+01
8.631970260223049252e+01
9.685039370078739296e+01
9.672489082969431706e+01
8.720930232558139039e+01
9.111111111111111427e+01
8.115606936416185135e+01
8.968723584108198565e+01
9.252157238734419309e+01
8.672294704528012232e+01
9.311594202898551487e+01
8.890020366598777457e+01
8.443893366398016553e+01
9.033816425120772919e+01
9.016786570743404639e+01
9.329268292682927211e+01
8.619047619047618980e+01
9.191643960036330441e+01
9.357682619647354727e+01
8.654124457308249418e+01
9.018612521150592443e+01
8.376127689104788487e+01
8.685920577617328320e+01
9.249291784702549535e+01
8.573333333333333428e+01
9.411764705882352189e+01
8.089764641488778807e+01
8.844652615144418917e+01
9.168026101141924755e+01
9.431072210065644867e+01
8.916015625000000000e+01
9.635922330097088206e+01
8.742358078602620708e+01
9.179104477611940638e+01
8.299274884640738037e+01
9.586466165413534668e+01
9.265785609397944711e+01
8.611729769858945360e+01
8.491895701198026813e+01
9.273318872017352987e+01
8.525402726146221255e+01
8.801619433198381159e+01
9.472222222222221433e+01
8.601986249045071986e+01
8.301991150442478329e+01
8.970954356846473843e+01
9.763593380614656780e+01
9.435294117647057988e+01
9.072907290729072827e+01
9.237713139418254116e+01
8.502386634844867785e+01
8.862602365787078895e+01
9.247967479674797175e+01
9.076923076923077360e+01
9.608177172061328974e+01
9.327398615232442580e+01
8.890020366598777457e+01
9.295634920634921627e+01
9.268292682926829684e+01
9.632545931758529889e+01
8.165388828039429825e+01
8.355387523629489976e+01
9.686609686609686776e+01
9.678832116788321116e+01
8.680509042196918301e+01
8.919891989198920612e+01
8.268053855569155530e+01
